A 0.157098 -0.103534 -0.170978 0.130008
V 0.108108 -0.126037 0.148514 -0.078486
L 0.177462 -0.093059 0.112175 -0.153234
I 0.170305 -0.064125 -0.016438 -0.084679
F 0.480436 -0.160025 -0.057944 -0.169202
Y 0.263202 -0.059715 0.059507 -0.218544
W 0.093968 -0.352338 0.417484 0.094917
K -0.186721 0.058532 0.093534 0.096389
R -0.055897 0.045458 0.009869 0.005856
H 0.144117 0.214486 -0.166851 -0.198936
D 0.047448 -0.057364 0.011352 0.005557
N -0.225754 0.211717 0.439522 -0.215165
E -0.293184 0.025673 0.456847 0.043517
Q -0.085275 0.186417 -0.031332 -0.065384
S 0.173463 -0.068299 -0.357084 0.318030
T 0.266763 -0.156675 -0.360561 0.364754
P 0.097558 -0.187549 -0.089412 0.240871
M -0.139056 -0.093239 -0.086560 0.451179
C 0.006956 -0.241027 0.460587 -0.012462
G -0.179106 0.155926 0.109027 -0.031819
